                                                                     
                                                                     
                                                                     
                                             
201102081321.wav
211    0.11557780
327    0.26629753
1052    5.06663377
2122    2.62433573
3615    5.16805181
4720    0.90045265
5313    0.04710631
6248    3.99191319
7380    1.16099460
7628    0.14341482
8800    1.14940039
8957    3.39941298
9127    0.17825505
10098    1.81159133
11244    0.06188968
11568    6.80832797
12685    0.57726585
14260    4.07519762
15369    0.14372713
16964    5.10126290
18030    0.89726805
19526    5.82368718
20560    0.66447308
22103    3.35515373
23227    1.37809443
24729    3.44991697
24920    0.25429047
25497    0.59270007
25785    0.41821396
26451    0.05579603
27131    1.56670641
27266    4.21740172
28343    0.91790919
29733    2.55714462
30909    1.42009688
32359    3.47348700
33423    3.39222215
33711    0.14725599
34706    3.28342915

201102260502.wav
504    0.65368914
1187    4.69094593
2779    3.88058836
3023    2.28390289
4218    6.84609731
5918    2.57245591
7175    5.98986956
8991    2.60647740
9476    0.24177338
9760    0.69797186
10321    4.27705253
12221    1.74385190
12703    0.00470365
13499    4.16072107
15312    0.15841835
15477    1.99398539
15992    0.45800234
16727    7.01313454
17891    3.29774820
18562    1.62237974
19102    0.05774710
19872    7.32568512
21820    3.68038963
23130    9.38450276
24696    0.02941402
25253    2.46103771
25802    0.29285644
26196    0.30301616
26533    4.09321232
26704    0.15321204

201103090635.wav
604    3.31896187
674    3.96314106
1510    0.52406789
1820    3.40237516
3191    3.99044449
4463    3.15511690
5881    3.74638262
7184    4.26034093
8724    4.41217607
10008    5.62705960
11600    2.24405485
11718    2.40824073
12894    5.25778229
14472    2.87085687
14599    2.74667470
15766    7.56365462
17315    2.99905425
17428    4.16543207
18592    5.87640172
20073    2.35860749
20169    2.78574288
21321    3.13920092
22735    3.77793136
22797    4.01727037
23971    2.98470761
25291    2.93051297
25383    2.52440063
26566    2.14064345
27524    1.12402977
27844    4.01636584
29101    2.87886705
30361    2.84519951
31614    3.12528603
33035    3.91282430
34294    3.98027864

201103140132.wav
1609    7.39701572
2984    0.37884389
5302   14.03063106
6702    0.00769496
9021    8.07955851
12818    5.82899309
14235    0.17566340
16953    4.61632634
19917    0.01384700
20728   10.76483799
22082    0.19615676
24354    9.78498470
25774    0.07897031
27980    7.17694496
32084    6.44031313
36287    8.89640646
39072    6.41625838
39326    1.30088598

201103140822.wav
239    8.37909400
1697    0.27070969
4476    5.14074259
5386    0.08204025
5934    0.25546349
8313    6.70568299
9762    1.88672457
10437    0.19800628
12059    9.82497744
12467    2.09596181
12782    0.00309056
13500    0.55693874
15772    6.37803547
17209    0.40301023
17482    0.04814937
17559    0.06699376
17885    1.14742287
18722    0.04136526
19573    7.21698567
20348    0.41833743
21018    0.32205376
21595    4.73655899
22422    0.02480519
22607    0.56833845
22891    1.11248813
23564    8.92437733
23928    3.09742805
24273    0.46455622
24579    0.35623367
24902    1.19634973
25192    1.36868520
27334    5.74254955
27554    0.07673707
27949    0.49094367
28249    0.82990361
28401    0.16486735
28866    0.49429292
29150    0.09510663
31197    6.52046216
32620    0.02021279

201103151912.wav
723    1.67995630
982    0.06802800
1240    6.82132428
2480    1.97568175
2642    7.07674437
3801    0.15136054
4711    0.41254757
4957    0.22659175
5228    0.11018147
5437    0.49338371
6234    8.86085179
7396    0.63889742
7668    0.14077842
7917    0.52130263
8157    0.07028439
8450    0.25952511
9057    0.16601628
9783    1.53120194
9899    1.84746873
10399    0.44482778
10765    0.16810070
10959    0.19198397
11186    0.06641754
11914    1.48337211
13235    3.41595677
13476    1.39842109
14357    0.08538768
16671    1.93496747
16870    1.36445431
18768    1.08759147
19243    0.33302857
20273    6.94998255
22431    0.25390574
23521    0.75784931
23986    5.08992110
25933    2.94625938
26732    1.27584240
28157    5.83630865
29705    0.07599313
30223    0.33973919
30564    0.73043593
30822    0.46539750
30989    0.09567005
31402    0.85763638
31645    1.41739568
31963    0.11635698
32164    2.44272067
32405    0.84902575
32887    0.07602013
34353    0.52083540
34987    0.13739229
35805    4.23342259
36057    0.78955652
36890    0.85331868
37469    0.49440113
37773    0.06525045
38028    0.46628723
38158    1.02147496
38393    0.73592229
38592    0.08231380
38915    1.21777674
39050    1.77636407
39298    2.13139900
39473    3.24883467

201103221214.wav
1028    0.09808020
1161    0.33659045
2820    2.13013716
3947    0.31788175
5497    4.02233569
6615    0.56869725
8140    5.31860727
8366    0.75162366
8961    0.05698882
9287    0.92371138
10823    9.27082291
11076    1.97384258
11950    0.52339705
12879    0.59817124
13530    6.42768454
13789    1.29377927
14655    0.10877708

201104141251.wav
89    3.21721755
3331    1.64209543
5242    2.90477509
6485    3.20103258
6965    2.13322020
8430    6.45275918
9666    5.27914682
11725    4.14488130
12925    2.40884226
15017    2.45094746
16251    2.64247421
18124    0.08348180
18296    0.03336465
19387    3.63790820
20262    2.57084522
20595    1.16110626
21020    1.65802804
21301    7.64090169
22525    3.77486472
24585    9.98753929
25797    0.57131267
26356    0.38265652
27264    8.60545693
27935    8.57623175
28642    0.43302761
29127    7.06639603
31169    0.96547549
32389    4.74958173

201103140135.wav
842    4.77655158
1045    0.40271365
2333    0.32152427
5204   11.93224138
6603    1.46918158
9065    6.38353618
10493    0.33053294
11045    0.04350283
12958    6.94361132
14441    0.86641859
17358    6.40204892
18838    0.17565726
21614   12.87623129
23037    0.39226895
25315    8.73624532
29051    3.68357672
30532    0.74276964
32905    2.70020109
34809   11.87447763

201105011626.wav
316    3.02977507
1486    3.30102827
2347    2.90145257
3545    2.94424329
4358    3.97785266
5552    2.93838587
6408    4.66663662
7565    2.27814355
8383    1.70159128
8545    0.12245999
9594    3.22987599
10424    1.98286308
11612    2.73392700
12441    0.26325979
12581    0.01522757
13623    1.34251216
14457    1.47724302
15622    2.31479857
16512    4.41681910
17017    4.74718074
17667    4.06773330
18539    3.57449864
19698    3.74310437
20565    6.85918405
21387    1.89169483
21725    4.22954445
22591    7.71277911
23776    3.24330791
24628    5.22590645
25370    0.07193712
25819    3.70765011
26325    0.23447760
26663    3.50372704
27874    3.14487156
28712    3.46997115
29967    2.30735093
30356    0.07082924
30761    3.11419976
31996    1.90237451
32818    0.85515056
32934    0.70187297
34017    0.89332866
34869    0.88903834
35372    0.39717024
36078    2.08590252
36941    3.89079782
38156    2.17442369
38974    1.97401598

201105021654.wav
2499    5.47778926
3122    0.21984789
4009    5.85372554
7942    3.21959797
8166    0.56887086
8454    0.08223633
9209    0.09081496
9446    2.40938708
9677    0.60654007
12640    6.74595795
14099    5.30272681
14330    0.58411182
17182    3.71613989
17868    1.67356781
18542    7.56090128
18766    0.56073440
21563    5.56304163
21793    0.40410507
22507    0.10284636
23086    3.80545842
24016    0.06695822
26297    0.26295676
26932    3.12791923
27167    0.34741851
27472    0.17670996
28492    6.39626087
31449    0.22665950
32779    4.48742620
33341    5.60601412
34270    5.40566844
34490    0.84924915

201105021804.wav
423    0.84609460
1042    3.72817135
1893    2.12931777
2400    2.23455477
2571    0.41129284
3240    0.88143463
3556    7.63374604
5013    0.16092654
5089    0.20632443
6092    4.12851497
7672    1.26165951
8661    2.29185989
10230    0.55572066
11309    5.24472775
12891    1.04838245
13920    7.44105394
15505    0.89601490
16476    7.63246501
18036    1.29838265
19041    6.95782941
20602    0.07992258
21555    3.30798497
22665    0.31237826
23132    1.51999891
24103    3.90704125
25636    0.69962038
26600    1.78915292
28176    0.82639624
29154    2.29257314
30694    1.24775620
31683    5.96297963
33193    0.87498464
34216    8.22801457
35719    1.23757381
36741    6.82166610
38296    0.78777586
39239    3.35609009

201105151450.wav
895    6.52316779
1835    0.07629159
2610    4.47934468
4054    6.83015845
5776    9.06910779
7200    4.84693155
9169    3.80622787
10247    0.01456094
10568    4.33761527
12476    1.53800370
13922    4.91187950
15839    6.06722804
16700    0.52813954
16938    0.90445575
17273    3.74336747
17821    0.89496041
18590    1.00400038
19246    4.53027932
19881    1.66131589
20309    0.01698599
20689    3.73620719
22797    1.30981815
22929    0.28527569
24270    3.95822407
26363    2.27924772
27843    3.15856135
29958    2.95690292
31401    5.41502951
32746    0.10002081

201106111136.wav
91   29.67644403
2030    0.13263790
3317    1.02269656
4102    0.01664320
4320    0.12361839
5374    0.15833074
5687    0.18363354
6738    0.68267975
8845    0.03994380
8991    0.03109823
10176    0.67710895
13628    0.78727988
15638    0.05172495
15843    0.04017716
16910    0.67443924
18944    0.00737690
19288    0.03785452
19415    0.01657484
20181    0.60899914
21374    0.01102384

201106141148.wav
556    4.11441147
2163    0.69616750
2495    0.21671683
3182    1.40050245
4825    1.82061636
5887    2.85249844
7502    1.45094841
8554    3.84669665
9799    0.13563183
10180    0.73148479
11251    5.18779770
12863    1.13517170
13901    2.92505721
14603    0.14599382
15503    2.00844794
16576    9.85214867
18215    1.81990045
19220    6.92508363
20877    1.81463736
21186    0.71516668
21905    7.12966316
22672    1.24200296
22856    0.83959217
23108    0.54192849
23527    1.28196741
23916    0.42056520
23997    0.38945271
24286    0.41144041
24572    4.43946801
24865    0.20345860
25156    1.03980564

201106210943.wav
470    4.03647212
654    2.19446725
1932    2.36922678
4032    3.52597214
5406    3.24924631
5621    1.48373578
7197    3.06469621
7413    1.81755397
8655    2.98989514
10595    4.93890543
12038    2.79610258
12784    0.01613390
14081    2.95831293
14214    2.29112430
15485    2.57017053
15688    1.35549164
17242    3.41385393
17601    0.54717167
18693    3.06841482
20603    2.93713125
20802    2.43042161
22063    3.08517389
24192    3.65739966
24449    0.99913912

201106221418.wav
858    2.01673212
1011    0.93067125
1454    0.38482848
1783    0.19588247
2223    0.19037394
2691    5.57151759
2890    2.66228459
3992    1.99870998
4117    2.97183797
5617    0.52758055
5994    3.31915447
6170    2.02246272
7383    2.29560761
7726    0.65617593
9261    2.35696939
9415    4.31243729
10598    1.14243422
10784    0.06432487
11932    0.18274570
12449    4.43657246
13242    0.31650217
13692    0.55429623
13877    1.76597931
15244    0.12037708
15529    2.79878264
15753    1.20162693
16122    2.18776406
16708    0.03107732
16981    0.53130274
17606    0.45139371
18578    0.65862732
19170    1.67890624
19331    3.10983486
20529    3.52439644
22455    2.04686514
22604    1.65704981
23786    2.13260478
25169    3.13297746
25859    2.06426775
26359    3.93344576
27475    0.34904535
27657    0.94769826
29076    0.26547449
29309    3.21682948
29461    5.75092377

201106221450.wav
255    7.41552959
1702    3.85926903
3933    3.75731738
5387    5.07462079
7529    3.29424924
8973    4.19742248
10634    0.02794679
11131    6.36674605
12584    2.84638210
14732    4.35314942
15713    0.35228495
16178    4.40433445
18486    4.10496723
19935    5.02076219
22239    5.30046801
23666    3.94927204
25890    5.81383576
27343    6.33492693
29630    2.36688927
31034    5.46195413
33158    5.64953533
34606    3.67037682
36673    3.67964115
38119    2.63695210
38259    0.42775361

201108011112.wav
503    2.62144747
2703    5.09514784
4121    3.07624826
6308    5.03619385
7735    3.14094498
9934    5.34650046
11353    2.85573072
13542    5.19600221
14952    2.89100608
17159    5.17837342
18559    2.63405566
20764    4.46524927
22183    2.90394495
24377    5.06664822
25786    2.92103536
27942    3.35091393
29394    2.47711413
31594    5.02939161
33011    2.64421870

201108011114.wav
2239    2.98758079
3753    6.31612065
6759    2.46290937
8265    6.44475990
8955    0.02081605
11274    2.45140365
12766    4.26980314
15787    2.62196161
17301    5.38532909
20297    2.62470654
21796    5.61889447
22243    0.05645224
22507    0.05283246
24813    2.76245099
26322    6.04903004
29323    2.33182442
30830    5.70359814
33838    2.95933583

201108011115.wav
175    4.17920230
2370    2.34207169
3775    5.07771640
5998    2.01295015
7382    5.59999281
9603    1.87474107
10996    5.23737517
13209    1.75371501
14595    5.62960521
16817    2.30157765
18213    4.43607106
20428    1.67627297
21808    2.93482504
24045    2.00843670
25422    5.88248151
27657    2.10222626
29049    6.62126437
31286    1.99265748
32660    5.07398812
34884    1.30375078

201108011118.wav
797    3.59846384
2085    4.28452076
3727    2.82070389
5028    3.13561767
6644    3.65345368
7958    3.43162061
9587    3.61052650
10904    3.43981056
12521    3.72887207
13822    4.43036258
15457    3.40738066
16758    3.56692838
18404    1.60820225
19687    4.22906856
21329    3.31170006
22630    4.26536202
24269    3.24509649
25562    4.03528186
27194    3.35240850
28487    4.21356715
30142    2.78538956
31432    3.88037492
33056    2.65444151
34368    4.06710580
